image_width: 640
image_height: 480
camera_name: narrow_stereo
camera_matrix:
  rows: 3
  cols: 3
  data: [713.6802010844925, 0.0, 328.76158465578715, 0.0, 713.5038895501891, 245.55574712729756, 0.0, 0.0, 1.0]
distortion_model: plumb_bob
distortion_coefficients:
  rows: 1
  cols: 5
  data: [-0.5010078470659451, 0.2806481945723729, -0.00014783133381536642, -0.000748308284453992, 0.0]
rectification_matrix:
  rows: 3
  cols: 3
  data: [1.000000, 0.000000, 0.000000, 0.000000, 1.000000, 0.000000, 0.000000, 0.000000, 1.000000]
projection_matrix:
  rows: 3
  cols: 4
  data: [634.8796997070312, 0.0, 329.97490129758444, 0.0, 0.0, 669.5431518554688, 245.7308262548213, 0.0, 0.0, 0.0, 1.0, 0.0]
